-2 4
-1.99219 3.99375
-1.97657 3.98126
-1.95705 3.96564
-1.92972 3.94378
-1.89849 3.91879
-1.85944 3.88755
-1.81259 3.85007
-1.76184 3.80947
-1.70327 3.76262
-1.6369 3.70952
-1.57443 3.65954
-1.51196 3.60957
-1.44949 3.55959
-1.38702 3.50961
-1.32455 3.45964
-1.26208 3.40966
-1.19571 3.35656
-1.12933 3.30347
-1.06296 3.25037
-0.996584 3.19727
-0.93021 3.14417
-0.863836 3.09107
-0.797462 3.03797
-0.731088 2.98487
-0.664714 2.93177
-0.59834 2.87867
-0.531967 2.82557
-0.465593 2.77247
-0.399219 2.71938
-0.332845 2.66628
-0.266471 2.61318
-0.200097 2.56008
-0.133724 2.50698
-0.0673497 2.45388
-0.000975848 2.40078
0.065398 2.34768
0.131772 2.29458
0.198146 2.24148
0.26452 2.18838
0.330893 2.13529
0.397267 2.08219
0.463641 2.02909
0.530015 1.97599
0.596389 1.92289
0.662763 1.86979
0.729136 1.81669
0.79551 1.76359
0.861884 1.71049
0.928258 1.65739
0.994632 1.60429
1.06101 1.5512
1.12738 1.4981
1.19375 1.445
1.26013 1.3919
1.3265 1.3388
1.39287 1.2857
1.45925 1.2326
1.52562 1.1795
1.592 1.1264
1.65837 1.0733
1.72474 1.0202
1.79112 0.967106
1.85749 0.914006
1.92387 0.860907
1.99024 0.807808
2.05661 0.754709
2.12299 0.70161
2.18936 0.648511
2.25574 0.595412
2.32211 0.542313
2.38848 0.489214
2.45486 0.436115
2.51744 0.386029
2.58333 0.33234
2.64766 0.276787
2.70916 0.218129
2.76639 0.155313
2.81767 0.0875728
2.86108 0.0145551
2.89448 -0.063533
2.91661 -0.145535
2.92853 -0.22965
2.93182 -0.314556
2.92819 -0.399461
2.91942 -0.483999
2.90729 -0.568125
2.89183 -0.649017
2.87786 -0.73286
2.86388 -0.816704
2.84991 -0.900547
2.83676 -0.979458
2.8236 -1.05837
2.81045 -1.13728
2.79648 -1.22113
2.78251 -1.30497
2.76935 -1.38388
2.75538 -1.46772
2.74141 -1.55157
2.72743 -1.63541
2.71346 -1.71925
2.69948 -1.8031
2.68551 -1.88694
2.67154 -1.97078
2.65756 -2.05463
2.64359 -2.13847
2.62961 -2.22231
2.61564 -2.30616
2.60167 -2.39
2.58769 -2.47385
2.57372 -2.55769
2.55974 -2.64153
2.54577 -2.72538
2.5318 -2.80922
2.51782 -2.89306
2.50385 -2.97691
